W/m2/micron
342.7
343.9
342.8
343.1
342.7
341.8
334.8
337.7
338.5
338.6
335.7
331.5
331.1
328.1
328.5
325.7
330
328.4
328.5
328.3
318.8
318.6
319.7
321.6
321.6
318.7
315.4
314.3
313.1
316.7
315.6
312.1
310.5
310.8
311.4
310.2
307.3
303.4
304.8
304.4
306.8
304.4
303.9
303.3
285.5
301.5
301.8
303.3
297.2
299.4
301.1
292.4
279.9
284.8
291.9
294.7
291.3
288.3
288.2
288.4
286.6
282.4
283.5
284.6
284.6
276.5
282.3
278.4
280.6
277.3
273
275.3
277.8
277.2
271.1
271.3
273.1
267.6
267.1
268.9
268.3
269.7
266.9
265.4
263.3
264.5
267.3
261
253.6
254.7
265
259
259.1
259.9
249
240.5
252.6
258.3
250.6
254.5
251.2
248.9
249.7
247.7
249.1
240
243
244.9
237.4
242.3
236.9
238.3
241.6
240.2
241.8
239.3
238.7
235.9
235.7
227.4
226.2
226.6
227.8
229.4
229.2
227.2
226.8
226.2
226
225.2
224.5
224.6
222.7
221.2
219.3
222.5
217.3
219.3
216.1
216.8
208
205.4
212.9
213.1
212
210.5
212.3
211.2
210
208.9
206.3
204.7
205.2
205
201.7